<svg
   xmlns:dc="http://purl.org/dc/elements/1.1/"
   xmlns:cc="http://creativecommons.org/ns#"
   xmlns:rdf="http://www.w3.org/1999/02/22-rdf-syntax-ns#"
   xmlns:svg="http://www.w3.org/2000/svg"
   xmlns="http://www.w3.org/2000/svg"
   xmlns:sodipodi="http://sodipodi.sourceforge.net/DTD/sodipodi-0.dtd"
   xmlns:inkscape="http://www.inkscape.org/namespaces/inkscape"
   version="1.1"
   id="Layer_1"
   x="0px"
   y="0px"
   viewBox="0 0 700 600"
   enable-background="new 0 0 700 600"
   xml:space="preserve"
   sodipodi:docname="map — копия.svg"
   inkscape:version="0.92.2 (5c3e80d, 2017-08-06)"><metadata
     id="metadata420"><rdf:RDF><cc:Work
         rdf:about=""><dc:format>image/svg+xml</dc:format><dc:type
           rdf:resource="http://purl.org/dc/dcmitype/StillImage" /><dc:title></dc:title></cc:Work></rdf:RDF></metadata><defs
     id="defs418" /><sodipodi:namedview
     pagecolor="#ffffff"
     bordercolor="#666666"
     borderopacity="1"
     objecttolerance="10"
     gridtolerance="10"
     guidetolerance="10"
     inkscape:pageopacity="0"
     inkscape:pageshadow="2"
     inkscape:window-width="1366"
     inkscape:window-height="705"
     id="namedview416"
     showgrid="false"
     inkscape:zoom="3.1466666"
     inkscape:cx="357.7569"
     inkscape:cy="488.2095"
     inkscape:window-x="-8"
     inkscape:window-y="-8"
     inkscape:window-maximized="1"
     inkscape:current-layer="Layer_1" />


 <g id="top" style="fill: none; stroke: black;">

     <path
     stroke-miterlimit="10"
     d="m 263.51356,77.344068 c 0,0 4,3.7 7.3,3.7 3.3,0 8.3,-0.3 10.7,0 2.3,0.3 7.3,-1 8.7,0 1.4,1 6.3,5.3 6.3,5.3 0,0 4,3.3 2.7,4.3 -1.3,1 -2.7,2.7 -2.7,4.3 0,1.7 2,3.7 4.7,4 2.7,0.3 3,1 4.7,1.700002 1.7,0.7 3,1.7 5.3,0 2.3,-1.700002 3.3,-2.300002 3.3,-5.700002 0,-3.3 -2,-13 -2,-13 0,0 2.7,-2.7 5,-2.7 2.3,0 5.3,2.3 6,0.7 0.7,-1.7 3.7,-5.3 3.7,-5.3 l 5.7,-4.7 13,-6.9 3,-1.4 2.1,-4.5 -2.4,-1.5 h -15.8 l 0.7,-4.7 -3.3,-5.3 -13.3,5.3 h -10.7 l -12.4,2.5 -7.8,1.7 -5.4,0.8 -3,-0.4 -0.2,11.7 h -6 l -10,3.3 v 3.5 z"
     id="path399"
     inkscape:connector-curvature="0"
     style="fill:#13007c;stroke:#4fa0ca;stroke-miterlimit:10" />

		 <text
     xml:space="preserve"
     style="font-style:normal;font-weight:normal;font-size:10.66666698px;line-height:1.25;font-family:sans-serif;letter-spacing:0px;word-spacing:0px;fill:#4fa0ca;fill-opacity:1;stroke:none"
     x="279.02542"
     y="65.78389"
     id="text855"><tspan
       sodipodi:role="line"
       x="279.02542"
       y="65.78389"
       id="tspan857">Сантандер</tspan></text>

     <ellipse
     style="opacity:1;fill:#4fa0ca;fill-opacity:1"
     id="path865"
     cx="311.91739"
     cy="55.932198"
     rx="2.7012713"
     ry="2.8601694" />


		</g>
    
 <g style="fill: none; stroke: black;">
 
     <path
     stroke-miterlimit="10"
     d="m 551.81356,107.34407 v 14.7 c 0,0 2,5 1.3,10 -0.7,5 -7,16 -7,16 l -13.6,18.6 c 0,0 0,3.3 1.7,6.3 1.7,3 5.3,4.3 5.3,6.7 0,2.4 -1.7,7.7 -1.7,11.7 0,4 1.3,6.7 -1,12.7 -2.3,6 -5.3,10.3 -4.3,13.7 1,3.4 3.7,9.3 2.7,13.3 -1,4 -2,8.7 0,9.3 2,0.7 3,3.7 5.7,6.7 2.7,3 1.2,3.9 3.7,5 2.5,1.1 2.5,1.1 2.5,1.1 l 2.6,-3.1 3.8,-2.7 1.5,-0.3 1.9,-0.3 2.4,-2.4 0.6,-3.3 -1.2,-3.4 -2.4,0.5 -1.2,0.8 0.7,-3.5 1.4,-3 2.6,-1.4 1.4,-0.4 2.4,-2.2 2.4,-3.4 3.2,-6 6.7,-4.7 4.9,-1.6 3.9,-1.3 6.6,-3.1 5.3,-2.9 8.7,-5 h 10 l 4.7,-4 h 10.8 v -12 h 6.7 l 7.3,-9.3 h 6.7 l 11.3,-8 3.2,-4.8 2.6,-4.7 2.2,-4.4 8,-5.3 v -6.3 -4.4 l -2.7,-3.4 -2,-2.6 -1.3,-7.6 6,-0.7 v -4 l -6.7,-7.3 -7.3,-2 h -10.7 l -6.7,3.3 -4,6.7 -4,-2 -12,-2 -11.3,4.7 -9.3,-7.3 -15.3,-2 -4,-6 -5.3,-5.300002 -8,0.700002 -9.4,-8.800002 -7.3,-1.3 -3.3,-4 -8.7,0.7 1.3,7.3 -4,6.000002 z"
     id="path387"
     inkscape:connector-curvature="0"
     style="fill:#13007c;stroke:#4fa0ca;stroke-miterlimit:10" />
</g>
     <path
     stroke-miterlimit="10"
     d="m 470.81356,92.644068 -5.5,6.5 h -12.5 l -3,16.000002 c 0,0 -13.5,8.5 -12,13.5 1.5,5 4.5,7.5 4.5,7.5 l -4.6,4 4.6,9 -4.6,9.5 -5.4,-2.5 -15.5,-2 c 0,0 -2.5,13.1 0,15.6 2.5,2.5 2.3,5.4 -1.1,6.9 -3.4,1.5 -5.9,4.5 -5.9,7.5 0,3 0,10 0,10 l -6,2.5 v 11 4.5 h 5 c 0,0 9.5,5 9.5,7.5 0,2.5 10,5 10,5 0,0 7,14 9,11 v 19.5 c 0,0 -9.5,-1.5 -10,0 -0.5,1.5 -6,10.5 -2.5,16.5 3.5,6 9,7 9,7 0,0 6.5,-1 10.5,2.5 4,3.5 3,9.5 3,9.5 h 2 l 7.5,4 h 4.5 l 2.5,4.5 h 7 l 4.5,3.2 h 3.5 v -13.7 l 7.5,-1 c 0,0 5,-15.5 7,-15 2,0.5 7,0 7,0 l 5,-7 c 0,0 1.5,-6 0,-7.5 -1.5,-1.5 0.7,-17.5 0.7,-17.5 0,0 7.3,-6 8.8,-4.5 1.5,1.5 4,5 7,5 3,0 12.2,-4.5 12.2,-4.5 l 1.1,-5.7 v -4.3 l -2.7,-9 0.1,-3.6 4.2,-10.1 1.4,-6.5 -0.4,-6.2 0.4,-3.9 1.3,-7.7 -2.8,-3.8 -2.5,-2.9 -1.7,-6.3 3.6,-4.9 5,-6.9 6.6,-9.8 3.4,-7 1.8,-12 -1.1,-4.1 v -14.7 l -9,-7 -10.7,-4.000002 -5.2,3.4 h -17.3 l -9.3,-8.7 -17.3,4 -4,-5.3 -4,-0.7 z"
     id="path389"
     inkscape:connector-curvature="0"
     style="fill:#13007c;stroke:#4fa0ca;stroke-miterlimit:10" /><path
     stroke-miterlimit="10"
     d="m 456.81356,306.14407 v 8.5 l -8.5,4 -6.5,5.5 3,15.5 c 0,0 15.5,3 15.5,8.5 0,5.5 -5.5,13.5 0,16.5 5.5,3 13.5,6.5 13.5,8.5 0,2 0,25 0,25 0,0 -4.5,9.5 -2.5,14 2,4.5 2.5,17.5 2.5,17.5 l 7,8.5 v 4 5 4.5 h 2 v -6.7 l 4.7,-7.3 v -11.3 h 6.7 l 5.3,-8 v -8.7 l 4.2,-4.2 6.2,-7.4 9.6,-8.4 13.3,-4 -2,-5.3 -4.7,-3.3 -10,-4.7 -6.7,-8 -1.3,-12.7 -8.7,-6.7 4.9,-18 4.7,-12.4 8.5,-17.7 8,-7.3 3.3,-10.5 2.7,-1.5 4.3,-3.5 7.3,-13.6 3.9,-7.5 -4.5,-3.7 -7.3,-9.1 -1.1,-3.6 -6.1,2.7 -6.1,1.8 -7,-5 -8.8,4.5 -1.2,12.4 0.5,5.1 0.6,4 -5.6,10.5 h -7 l -6.3,13.1 -8.3,3 v 13.7 h -3.5 l -4.5,-3.2 h -7 l -2.5,-4.5 -0.5,5.5 z"
     id="path391"
     inkscape:connector-curvature="0"
     style="fill:#13007c;stroke:#4fa0ca;stroke-miterlimit:10" /><path
     stroke-miterlimit="10"
     d="m 229.81356,290.14407 v 20 l 9,4.5 c 0,0 4,14 5.5,17.5 1.5,3.5 0.5,5 4.5,7 4,2 7,3.5 8.5,4.8 1.5,1.3 4.5,2.8 3.5,6.8 -1,4 -4.5,7 -7,9.5 -2.5,2.5 -3.5,9.5 -2,10 1.5,0.5 0.5,4.5 -2,8.5 -2.5,4 2.5,14 2.5,14 l 11,6.5 7.5,3 11.5,8 6,4.5 4.5,-3 7,3 h 21.5 l 6.5,-8.5 9,4 8.5,-1.5 16,1 9,-4.5 h 11.5 l 8.9,6.5 2.1,8.5 -4.5,11 4.5,5 h 8.5 l 5.5,-5.5 c 0,0 2,-6.5 5.5,-10 3.5,-3.5 15,-4.5 15,-4.5 l 9.5,-3 c 0,0 12,-4.5 11,-11 -1,-6.5 0.1,-12.5 0.1,-12.5 l 13.9,-3.5 7.5,3 4.5,-0.5 v -6 -9.5 l -7.7,-5.5 -5.8,-3 -2.4,-4.5 2,-9 0.4,-3 -3.3,-4.3 -7.2,-3 -5,-1.3 -3,-15.5 6.5,-5.5 8.5,-4 v -8.5 l 2.6,-3.8 1.9,-7.7 h -4.5 l -9.5,-4 -0.7,-6.3 -2.3,-3.2 -5.6,-2.4 -7.7,-1.1 -4.4,-3.4 -3,-6.6 2.8,-10.7 7.3,-3.9 3.5,2.1 v -19.5 l -3.4,-1.7 -3.5,-5.4 -2.1,-3.9 -10,-5 -1.9,-2.6 -5.3,-3.6 -4.8,-1.3 h -2.4 v 4.5 6.5 l -2.5,1 h -10.6 c 0,0 -14.9,-18 -17.4,-18 -2.5,0 -18.5,-3 -27,0 -8.5,3 -13,6.5 -13,6.5 l 3.5,8.5 1.5,5 -2.5,4.5 -2.5,13 7.5,14 7,1 4,7 3.5,2.5 -3.5,5.5 -2.5,3 7,7.5 v 8.5 l -4.5,4 -2.5,-3.5 -17,0.5 -14.5,11.5 h -3 l 5,-13 1,-4.5 -22.5,-9.5 -23,0.5 -4,2 h -11.5 l -12,9 z"
     id="path393"
     inkscape:connector-curvature="0"
     style="fill:#13007c;stroke:#4fa0ca;stroke-miterlimit:10" /><polygon
     stroke-miterlimit="10"
     points="537,313.5 529,321 523,325 515.5,331 504,343 498,353.5 496.5,360 519.5,359.5 542,369 536,386.5 539,386.5 553.5,375 570.5,374.5 573,378 577.5,374 577.5,365.5 570.5,358 576.5,349.5 571.7,344.7 569,340 562,339 554.5,325 557,312 559.5,307.5 554.5,294 550.5,300.5 544,307 "
     id="polygon395"
     transform="translate(-221.18644,-81.355932)"
     style="fill:#13007c;stroke:#4fa0ca;stroke-miterlimit:10" /><path
     stroke-miterlimit="10"
     d="m 147.31356,45.644068 c 0,0 -3,1 -3,5.5 0,4.5 7.5,11.5 10.5,12.5 3,1 7.5,5.5 5,7 -2.5,1.5 -10.5,7 -10.5,7 0,0 2.5,2 6,4.5 3.5,2.5 13.5,7.2 17,6.8 3.5,-0.3 7,-5.8 7,-5.8 0,0 6.5,-8.5 10,-4.5 3.5,4 8,3 8,3 l 8.5,-3.5 c 0,0 2,5 5,5 3,0 5,-11.5 9.5,-9 4.5,2.5 6.5,5 6.5,5 l 6.5,-3 12,-2.5 7,-2 h 4.5 l 4.5,2.5 v -3.5 l 10,-3.3 h 6 v -6.7 l 0.2,-5 -2.8,-1.2 -2.3,-0.5 -10.9,-1.6 -7,-0.6 -9,-0.8 -4.7,-8 -6.7,2.7 -13.3,-2 -1.3,-4 -1.6,-1.8 -4.1,-0.6 h -3 l -0.1,3.2 -4,0.5 -4.3,0.6 -3.4,0.2 -4.7,-0.2 -4.3,-0.2 -10.3,-0.8 -11,-1.4 -6,0.4 -5,1 -2.3,0.5 -6.4,1.5 z"
     id="path397"
     inkscape:connector-curvature="0"
     style="fill:#13007c;stroke:#4fa0ca;stroke-miterlimit:10" />

    



     <path
     stroke-miterlimit="10"
     d="m 333.81356,73.644068 h 15.3 c 0,0 2.3,3 0,8 -2.3,5 -5.7,9.3 -4.7,10.7 1,1.3 3.1,8.200002 5.7,9.200002 2.6,1 8.3,6.8 8.3,6.8 0,0 5,-3 8,0 3,3 8.3,8.7 10.3,9.3 2,0.6 5.7,2 6.7,2 1,0 3,-2 3,-3.7 0,-1.7 -2,-15.5 0,-14.4 2,1.1 4.3,0 4.3,0 v -3.600002 c 0,0 8.1,-7.7 8.4,-5.7 0.3,2 0,-9.7 0,-9.7 0,0 9.7,-9.1 10.7,-9 1,0 0,-6 0,-6 0,0 3,-5.5 4,-4.6 1,0.9 4.7,-0.1 4.7,-0.1 l 3.6,-3.8 -1.3,-3.4 -4.4,1 -7.6,1.7 -5,1.1 -7,1.2 -12,1.1 -10,-7.3 -2.7,0.3 -5.7,0.7 -2.6,0.2 -2.3,0.7 -5.2,1.4 -3.5,0.5 -1.9,-1.2 -2.1,4.6 -4.9,2.5 -6.7,3.6 -4.4,2.3 -1.3,1.1 z"
     id="path401"
     inkscape:connector-curvature="0"
     style="fill:#13007c;stroke:#4fa0ca;stroke-miterlimit:10" /><path
     stroke-miterlimit="10"
     d="m 349.51356,115.64407 v 13.3 l 1.4,11.3 c 0,0 4.9,5 5.4,5.7 0.5,0.7 2.2,5.3 2.2,5.3 h 5.3 l 4.3,-4.3 4.3,7.7 4.3,-1 8.7,-9.7 c 0,0 2.5,-0.7 5.3,2 2.7,2.7 6.4,6 8.7,7 2.3,1 6,5.3 8.3,5 2.3,-0.3 4.3,1.4 5.7,0 1.3,-1.4 3.3,-3.9 3.3,-3.9 0,0 0,-3.5 -1.3,-3.5 -1.3,0 -4,-4.7 -2,-5.3 0,0 3,-2 6.3,-2 3.3,0 6,-0.3 4.3,-2.7 -1.7,-2.3 -12,-13 -14.3,-13.7 -2.3,-0.7 -8.3,-3.7 -19.1,-6 -10.8,-2.3 -7.3,-1.3 -7.3,-1.3 l -3.6,-1 -3.1,-1 -2.8,-2 -3.3,-3.1 -4.2,-4.2 -2.7,-1.3 h -4 l -1.3,1.3 -2.2,0.7 -4.3,1.7 z"
     id="path403"
     inkscape:connector-curvature="0"
     style="fill:#13007c;stroke:#4fa0ca;stroke-miterlimit:10" /><path
     stroke-miterlimit="10"
     d="m 159.31356,271.64407 20.5,-12.8 c 0,0 3.5,0.3 5.5,0 2,-0.3 10,4 12.5,6.4 2.5,2.4 21,11.4 21,11.4 l 11,5.5 v 8 20 l 9,4.5 1.2,4.3 1.9,6.4 2.3,6.9 1.8,4.9 2.7,2.1 2.9,1.4 4,2.2 3.9,3 1.4,3.5 -2.1,5.3 -2.6,3.1 -2.4,2.4 -1.8,3.1 -0.9,5 0.7,1.8 0.7,1.9 -2.7,6.7 -0.5,5.3 h -2.9 l -5.7,6 h -6.3 -4.6 c 0,0 -2.3,0.7 -3.3,3.7 -1,3 -2.3,7.7 -3.7,8.7 -1.4,1 -5.7,-1 -6.7,2 -1,3 -4,4.3 -2.7,6.7 1.3,2.3 2.7,8 2,9.7 -0.7,1.7 -1.7,5 -3,6.3 -1.3,1.3 -2.7,-3.7 -4,-4.3 -1.3,-0.7 -1,-3.7 -3.7,-2 -2.7,1.7 -6.3,4.8 -7.7,6.6 -1.3,1.8 -5,6.1 -7.3,7.1 -2.3,1 -5.7,1.7 -6,4.3 -0.3,2.6 -4.7,-0.3 -6.3,0 -1.7,0.3 -10,-2.5 -10,-2.5 l -10.6,-4.6 -5.7,-4 -5.7,-3.7 -3.3,-3 -2.3,0.2 -3.3,0.3 -1.7,0.2 -3.3,-3.7 -2.4,-2.6 -2.4,-2.6 -4.6,-5.1 1.8,-6.3 1.5,-5.1 0.7,-11.3 3.9,-3.3 4.1,-3.4 5.3,-9.3 0.7,-9.3 -1.7,-2.6 -2.1,-2.3 -2,-2 -4.9,-4.5 -1.7,-5 -1,-3 v -10.6 l -11.3,-10 6.4,-0.6 8.3,-0.8 5.4,-0.5 6,-3 4.4,-4.1 0.3,-2.2 v -3.2 l 2.7,-2.2 -0.3,-5.3 -0.3,-5.4 -4.7,-8 4,-10 8,0.7 -0.5,-2.8 z"
     id="path405"
     inkscape:connector-curvature="0"
     style="fill:#13007c;stroke:#4fa0ca;stroke-miterlimit:10" /><path
     stroke-miterlimit="10"
     d="m 158.11356,88.944068 -2.7,2 -3,4.7 -3,2.7 -2,3.200002 v 3.8 5.3 l 2,3.3 h 3.3 l 5.3,2.3 4,3.3 2,6.7 -2.7,6.5 h -3 l -0.3,2.9 -2.3,3 -3.3,-2 -3.3,3.7 -1.7,4.3 v 7 l -0.7,2.7 h -2.5 -6.2 l -2.7,7.3 -4,-0.7 -4.7,2 -4.7,-3.3 H 90.813559 l -2.7,-5.3 6,-4.7 -2,-7.3 -4,-3.3 h -8.7 l -6,4 -7.3,0.7 -13.3,11.9 v -16.7 l 6,-4 6.7,-8.7 v -14 l -5.3,8.7 -2.7,-4.7 6,-12.7 -6,-2.7 -8,8 -3.3,-4.7 6.6,-10.500002 h -6.7 l -4.7,-16.7 -3.3,3.3 v -12 h 5.3 l 1.3,-8 h 8.7 l 2,-4.7 5.3,-2.7 2,0.7 h 4.7 l 4.6,-0.7 5.1,-0.5 1.7,0.5 1,0.3 2.1,-0.8 4.3,-4.8 2.7,2.7 2,2 2.9,1.1 0.3,-2.5 -1.9,-5.9 h -3.4 v -8 h 5.3 l 6.700001,-3.3 2,-6 h 10.7 l 7.3,-2.7 c 0,0 4.8,3.8 6.5,3.6 1.7,-0.2 7.5,-3.6 7.5,-3.6 l 2.7,5.1 2,4.2 1.2,2.8 0.4,1.3 -0.3,1.3 c 0,0 -0.3,1.2 0.7,1.9 1,0.6 4.1,1.5 4.1,1.5 l 3.6,-0.6 -1.2,2 -2.3,2.3 -1.4,3.1 v 2.5 l 1.6,3 2.5,3.2 3.1,2.9 3.3,2.1 4.2,2.9 1.5,2.4 -2.8,3.1 -3.8,2.5 -3.4,2.3 -1.2,0.8 2.6,2 3.4,2.5 1.9,1.2 1.9,1 z"
     id="path407"
     inkscape:connector-curvature="0"
     style="fill:#13007c;stroke:#4fa0ca;stroke-miterlimit:10" /><polyline
     stroke-miterlimit="10"
     points="362.8,504.5 361.3,511 354,519 343.3,523 339.3,537   330.7,545.7 336.7,574.3 342,575.2 346.8,575.7 351,575.9 355.7,576 361.3,576 363.3,576.3 372,579 377.3,584.3 381.2,587.3   388,591.7 394,603.7 388,611.7 400.7,621 400.7,629.7 410,649 415.3,649 418.7,653 440.7,661 443.7,656.4 447.2,651.5 451,647   454.4,642 458,635.7 467.3,635.7 474.7,629 491.3,629 493.4,626.7 497.3,622.3 502.7,617.7 508.7,613.7 513,612.9 516.7,612.3   522,610.3 530.7,613 530.7,607.7 535.3,607.7 540,611 546,610.3 551.3,617.7 558,613 588.7,611 595,616.7 597.4,616.4 600.9,612.4   604,606.3 607,603.7 611.9,601.9 617.3,601 622.9,607.4 625.1,609.9 626,611 629.3,610 632.4,607.7 634,603.7 634.6,601.3   637.7,598.9 641.3,599 641.3,592.3 643.7,587.7 644.7,585.7 647.9,579.1 649.9,574.9 651.8,570 654,564.3 662.7,564.3 662.7,559   665.3,556.6 669.3,553 676.7,549 682.7,551.6 686,553 694,553 700,548.3 706.7,548.3 705.3,544.3 700,541.7 700,533 702,533   702,519.5 695,511 694.7,506.3 694.1,500.7 692.5,493.5 692,489.7 693.8,482.5 695,479.5 695,470 693,470.2 689.3,470 683,467.5   669.1,471 668.6,476.7 668.7,481.4 668.7,486.1 667.5,488.2 665.8,489.9 660.2,493.5 651.2,496.6 646.7,497.7 641.6,498.6   639.8,499 636.1,500.3 631.2,505 628.7,510 622.5,517.5 614,517.5 609.5,512.5 611.2,508.4 614,501.5 611.9,493 603,486.5   591.5,486.5 582.5,491 566.5,490 558,491.5 549,487.5 542.5,496 521,496 514,493 509.5,496 506.6,493.8 498.4,487.9 492,483.5   485.9,481.1 482.2,479.1 473.5,474 470.5,465.3 467.7,465.3 462,471.3 455.7,471.3 451,471.3 447.7,475 446.3,479.2 444,483.7   438.6,484.2 437.3,485.7 434.4,490.7 435.4,494 436.7,499 436.1,503.6 433.7,508.3 431.8,507.1 429.7,504 426.9,501.6 423.6,503.7   420.5,506.2 417.6,509.5 414.4,513.1 409.4,516.3 406.8,517.5 405,520 404,521.1 398.7,520 392.7,518.8 387.1,516.8 381.8,514.6   378,513 371.2,508.2 365.4,504.2 363.3,502.3 "
     id="polyline409"
     transform="translate(-221.18644,-81.355932)"
     style="fill:#13007c;stroke:#4fa0ca;stroke-miterlimit:10" /><path
     stroke-miterlimit="10"
     d="m 159.11356,84.344068 -0.9,4.6 -2.7,2 -3,4.7 -5,5.900002 v 9.1 l 2,3.3 5.7,1 7,4.6 2,6.7 -2.7,6.5 h -3 l -2.7,5.9 -3.3,-2 -3.3,3.7 -1.7,4.3 v 5 l -0.7,4.7 h 6.5 2.8 6 4.7 l 8,5.3 v 13.3 l 2.3,0.8 3.7,1.2 h 5.3 l 4,10 -5.3,3.3 -4.6,5.2 -3.8,4.3 -10.3,9.2 -2,3.1 -3.1,4.7 -2.3,3.5 h -7.3 l 2.8,9.6 2.9,10.3 1,3.4 -2,13.3 -3.3,4.8 2.2,12.6 4.3,-0.6 20.5,-12.8 h 5.5 l 9.2,4 4.5,3.3 4.4,2.6 2.6,1.4 7.3,3.8 6.8,3.4 7.6,3.8 2.1,1 v 8 l 4.7,-0.1 12,-0.3 13.3,-9 h 11.5 l 4,-2 1.5,-6.5 2,-3.5 4,-7 6,-6.3 8.5,-8.1 9.4,-6.8 9.1,-8.2 4.1,-3.8 5.9,-5.7 3.5,-3.5 4,-6.5 1.5,-1 8.5,-4.3 5,-1.7 8,-0.8 h 7.5 l 9.5,1.3 1.9,1.1 7.1,7.2 8.4,9.7 h 10.6 l 2.5,-1 v -26.7 l 6,-2.5 v -10 c 0,0 1.5,-4.4 2.7,-5.4 1.2,-1 5.3,-3.7 5.3,-3.7 v -4 l -1,-1.3 -1.1,-4.1 0.1,-4.3 0.3,-2.8 0.7,-4.4 -3.3,3.9 -3.4,0.1 -4.3,-0.7 -3.8,-2.8 -5.3,-3.4 -3.4,-2.9 -6.1,-4.3 h -1.6 l -3.3,3.7 -5.3,6 -4.3,1 -4.3,-7.7 -4.3,4.3 h -5.3 l -2.2,-5.3 -5.4,-5.7 -1.4,-11.3 v -5.4 -8 l 2.3,-5 6.7,-2.3 -2.2,-2.1 -4.5,-4.7 h -1.6 l -2.1,-2.100002 -1.9,-3.7 -1.7,-3.5 0.7,-3.3 2.5,-4.6 1.7,-3.5 0.6,-4.5 -1,-2.7 h -15.5 l -2.3,-2.6 -3.1,2.6 -3.6,4.1 -1.3,2.2 -1.4,0.6 -4.6,-1.2 -3.1,1.2 -1.9,1.5 1,5 0.9,5.9 -1,6 -4.1,2.600002 -5.7,-1.900002 -4.1,-1 -3,-3.6 0.9,-2.6 1.7,-1.8 -1.9,-3.7 -7.1,-6 -3,-0.3 -4.8,0.4 -7,-0.1 -4.5,0.1 -7.3,-3.7 -2.2,-3.2 -2.4,-1.3 -3.4,-1.8 -3.2,0.6 -3,0.9 -4,1.1 -8.6,1.8 -5.2,1.5 -4.7,2.2 -2.7,-2.5 -3.8,-2.5 -1.5,-0.5 -2.8,2.5 -2.3,4 -2.9,3 -1.9,-0.7 -3.1,-4.3 -3.3,1.3 -4.1,1.7 -4.3,0.4 -3.3,-1.5 -2.6,-2.2 -2.2,-0.1 -3.6,2.2 -4,4.5 -2.4,2.6 -3.8,2 -3.8,-0.6 -3.8,-1.4 z"
     id="path411"
     inkscape:connector-curvature="0"
     style="fill:#13007c;stroke:#4fa0ca;stroke-miterlimit:10" /><polygon
     stroke-miterlimit="10"
     points="645.3,143 651,144.5 658.7,146.3 657.3,149.5 656.4,152.4 656.1,155 657.3,157 660.3,158 662.8,158.6 665.7,159.3 672.7,160.8 681.8,162.8 684.7,163.5 690.2,165 692,165.7 694.1,167.7 696,170.3 695,171.3 690.5,175.8 686.5,180.5 684.3,180.5 679,180.5 674,180.5 673,186 671.8,192 671,196.5 669.6,197.4 667.4,199 663.9,201.9 661.5,204.2 659.8,206.4 659,210 660.8,214.1 663.5,217.5 660.3,220.3 658.9,221.5 663.5,230.5 658.9,240 653.5,237.5 638,235.5 637.9,234 636.7,232 635.6,231.4 634.6,229.9 634,228 634.7,226.7 637.1,225.5 639,224.9 641,224.7 643.3,224.6 645.5,223.9 645.3,222 643.3,219.6 639,215.2 636.9,213.1 634,210.4 631,208.3 628,207.2 625,206.1 622.2,205.1 618.2,203.9 611.9,202.3 606.8,201.3 604.7,201 607.1,199.1 607.6,196 607.3,193.7 607,190.3 606.8,184.7 607.7,182.9 610,183.4 611.9,182.9 611.9,179.3 614.2,177.2 617.5,174.6 620.3,173.7 620.3,164 631,155 631,149 632.6,146.4 635,144.4 637.3,144.8 639.7,144.3 643.3,140.5 "
     id="polygon413"
     transform="translate(-221.18644,-81.355932)"
     style="fill:#13007c;stroke:#4fa0ca;stroke-miterlimit:10" />
   

   </svg>
